#simple model for fingerclip_version 2
#one input, one output
#1-d table model
#
#I_in	in A  #R in Ohm
-0.006319		222.2345308
-0.00601		232.4459235
-0.005724		241.5793152
-0.005432		252.2827688
-0.005141		264.092589
-0.004847		277.6769136
-0.004549		293.5370411
-0.004257		310.7587503
-0.003965		330.517024
-0.003677		352.7060103
-0.003386		379.2675724
-0.003091		411.7437722
-0.002806		448.3962937
-0.002518		494.2811755
-0.002232		551.2544803
-0.001947		624.4992296
-0.001665		721.021021
-0.001386		854.4011544
-0.001112		1048.920863
-0.000844		1358.767773
-0.000588		1910.884354
-0.000353		3099.433428
-0.00016		6575
-0.000046		21439.13043
-0.000008		112200
-0.000001		799700
-0.0000001		6999700
-0.00000002		29999700
-0.000000003 	166666366.7
-0.000000003 	133333033.3
-0.000000003 	99999700
-0.000000003 	66666366.67
-0.000000003 	33333033.33
0.000000003		33333033.33
0.000000003		33333033.33
0.000000003		66666366.67
0.000000003		99999700
0.000000003		133333033.3
0.000000003		166666366.7
0.000000003		199999700
0.000000003		233333033.3
0.000000004		199999700
0.00000001		89999700
0.00000002		49999700
0.00000005		21999700
0.0000002		5999700
0.000001		1299700
0.000006		233033.3333
0.000036		41366.66667
0.000144		10811.11111
0.000342		4670.760234
0.000583		2787.478559
0.000847		1943.211334
0.001112		1498.561151
0.001388		1212.9683
0.001667		1019.736053
0.001945		882.5192802
0.002233		774.7872817
0.002519		692.4573243
0.002806	626.5858874
0.003094	572.656755
0.003383	527.6677505
0.003672	489.7603486
0.003963	457.002271
0.004251	429.2401788
0.004543	404.3803654
0.004832	382.9470199
0.005122	363.8032019
0.005415	346.3527239
0.005708	330.6937631
0.006		316.6666667
0.006295	303.6536934
0.006587	292.0752998
0.006882	281.2263877
0.007176	271.3489409
0.00747		262.248996
0.00776		254.1237113
0.008059	245.9734458
0.008354	238.664113
0.008649	231.8533935
0.008925	226.6106443
0.009242	219.3681021
0.009536	213.8422819
0.009832	208.5435313

